SMATRIX  72  95
    1   49   1.000000
    1   75   1.000000
    2   18   -1.000000
    2   77   -1.000000
    3   13   -1.496000
    3   75   -1.000000
    3   77   1.000000
    4   57   -1.000000
    4   76   1.000000
    5   48   1.000000
    5   76   -1.000000
    6   3   -1.000000
    6   6   1.000000
    7   6   -1.000000
    7   20   -1.000000
    8   1   -1.000000
    8   2   1.000000
    8   10   1.000000
    9   2   -1.000000
    9   21   -1.000000
    10   1   1.000000
    10   13   -3.747800
    10   15   -1.000000
    10   62   -1.000000
    10   71   1.000000
    10   73   1.000000
    10   82   -1.000000
    11   4   1.000000
    11   5   -1.000000
    12   3   1.000000
    12   82   1.000000
    13   3   1.000000
    13   7   2.000000
    13   11   1.000000
    13   12   -1.000000
    13   13   59.810000
    13   51   1.000000
    13   52   1.000000
    13   72   1.000000
    13   75   1.000000
    13   80   1.000000
    13   83   -1.000000
    13   90   1.000000
    14   8   -1.000000
    14   9   1.000000
    14   13   4.118200
    14   53   1.000000
    14   55   -1.000000
    14   59   1.000000
    15   9   -1.000000
    15   22   -1.000000
    16   7   -1.000000
    16   81   1.000000
    17   3   -1.000000
    17   7   -1.000000
    17   11   -1.000000
    17   12   1.000000
    17   13   -59.810000
    17   51   -1.000000
    17   52   -1.000000
    17   72   -1.000000
    17   75   -1.000000
    17   80   -1.000000
    17   81   -1.000000
    17   83   1.000000
    17   90   -1.000000
    18   4   -1.000000
    18   15   1.000000
    19   8   1.000000
    19   14   1.000000
    19   57   1.000000
    19   59   1.000000
    19   65   1.000000
    19   66   1.000000
    19   71   1.000000
    19   79   -1.000000
    19   80   1.000000
    20   14   -1.000000
    20   23   -1.000000
    21   1   -1.000000
    21   8   -1.000000
    21   13   3.747800
    21   15   1.000000
    21   62   1.000000
    21   71   -1.000000
    21   73   -1.000000
    21   82   1.000000
    21   90   -1.000000
    22   40   1.000000
    22   95   -1.000000
    23   13   -0.361000
    23   91   1.000000
    23   94   -1.000000
    24   10   -1.000000
    24   19   1.000000
    25   19   -1.000000
    25   24   -1.000000
    26   13   -0.070900
    26   41   1.000000
    26   45   1.000000
    26   72   -1.000000
    26   74   1.000000
    26   91   1.000000
    26   94   1.000000
    27   40   -1.000000
    27   41   -1.000000
    27   72   1.000000
    28   42   1.000000
    28   43   1.000000
    28   73   1.000000
    29   25   -1.000000
    29   42   -1.000000
    29   43   -1.000000
    30   26   -1.000000
    30   45   -1.000000
    31   44   -1.000000
    31   46   -1.000000
    31   47   1.000000
    31   89   1.000000
    32   27   -1.000000
    32   47   -1.000000
    33   13   -0.129000
    33   40   1.000000
    33   49   -1.000000
    33   91   -1.000000
    33   93   1.000000
    33   94   1.000000
    33   95   1.000000
    34   13   -0.205000
    34   48   -1.000000
    34   50   1.000000
    34   74   -1.000000
    35   28   -1.000000
    35   50   -1.000000
    36   13   -0.255700
    36   51   1.000000
    36   52   1.000000
    36   54   -1.000000
    36   55   -1.000000
    37   29   -1.000000
    37   52   -1.000000
    38   13   -4.941400
    38   51   -1.000000
    38   53   -1.000000
    38   54   1.000000
    38   55   2.000000
    38   56   1.000000
    39   30   -1.000000
    39   56   -1.000000
    40   60   1.000000
    40   62   -1.000000
    41   4   1.000000
    41   5   -1.000000
    41   11   -1.000000
    41   12   1.000000
    41   13   -59.810000
    41   15   -1.000000
    41   16   1.000000
    41   18   1.000000
    41   41   -1.000000
    41   46   -1.000000
    41   52   -1.000000
    41   53   -1.000000
    41   54   -1.000000
    41   58   1.000000
    41   62   -1.000000
    41   76   -1.000000
    41   79   -1.000000
    41   81   -1.000000
    42   32   -1.000000
    42   58   -1.000000
    43   1   1.000000
    43   6   1.000000
    43   9   1.000000
    43   10   1.000000
    43   11   1.000000
    43   12   3.000000
    43   13   59.810000
    43   15   1.000000
    43   16   -2.000000
    43   17   1.000000
    43   19   1.000000
    43   42   1.000000
    43   47   2.000000
    43   48   1.000000
    43   49   1.000000
    43   51   1.000000
    43   52   1.000000
    43   53   1.000000
    43   55   -1.000000
    43   56   1.000000
    43   61   1.000000
    43   62   1.000000
    43   63   2.000000
    43   64   1.000000
    43   67   -4.000000
    43   72   1.000000
    43   76   1.000000
    43   78   1.000000
    43   79   1.000000
    43   81   2.000000
    43   83   -1.000000
    43   84   1.000000
    43   87   2.000000
    43   88   1.000000
    43   92   2.000000
    44   6   -1.000000
    44   9   -1.000000
    44   12   -4.000000
    44   16   2.000000
    44   17   -1.000000
    44   19   -1.000000
    44   31   -1.000000
    44   42   -1.000000
    44   47   -2.000000
    44   56   -1.000000
    44   63   -2.000000
    44   67   3.000000
    44   78   -1.000000
    44   84   -1.000000
    44   87   -2.000000
    44   88   -1.000000
    44   92   -2.000000
    45   5   1.000000
    45   59   -1.000000
    45   60   -1.000000
    46   17   1.000000
    46   61   -1.000000
    47   17   -1.000000
    47   33   -1.000000
    48   46   1.000000
    48   62   1.000000
    48   63   1.000000
    48   64   -1.000000
    48   65   -1.000000
    48   66   -1.000000
    49   34   -1.000000
    49   63   -1.000000
    50   1   -1.000000
    50   8   -1.000000
    50   10   -1.000000
    50   13   -3.547000
    50   49   -1.000000
    50   61   -1.000000
    50   64   -1.000000
    50   65   -1.000000
    50   67   1.000000
    50   68   -1.000000
    50   71   -1.000000
    50   92   1.000000
    51   1   1.000000
    51   8   1.000000
    51   10   1.000000
    51   13   3.547000
    51   49   1.000000
    51   61   1.000000
    51   64   1.000000
    51   65   1.000000
    51   67   -1.000000
    51   68   1.000000
    51   71   1.000000
    51   92   -1.000000
    52   13   13.027900
    52   48   -1.000000
    52   53   -1.000000
    52   55   1.000000
    52   57   -1.000000
    52   59   -1.000000
    52   66   -1.000000
    52   68   1.000000
    52   92   -1.000000
    53   13   -13.027900
    53   48   1.000000
    53   53   1.000000
    53   55   -1.000000
    53   57   1.000000
    53   59   1.000000
    53   66   1.000000
    53   68   -1.000000
    53   92   1.000000
    54   51   -1.000000
    54   53   1.000000
    54   54   1.000000
    54   69   1.000000
    55   35   -1.000000
    55   69   -1.000000
    56   16   -0.500000
    56   70   1.000000
    57   36   -1.000000
    57   70   -1.000000
    58   13   -1.786700
    58   15   -1.000000
    58   64   1.000000
    58   79   1.000000
    58   80   -1.000000
    59   13   -0.519100
    59   18   1.000000
    59   45   -1.000000
    59   50   -1.000000
    59   79   -1.000000
    59   80   1.000000
    59   81   1.000000
    59   83   -1.000000
    60   11   1.000000
    60   12   -1.000000
    60   13   59.810000
    60   41   1.000000
    60   49   -1.000000
    60   51   1.000000
    60   52   1.000000
    60   78   1.000000
    60   79   1.000000
    60   81   1.000000
    60   82   -1.000000
    60   90   1.000000
    61   37   -1.000000
    61   78   -1.000000
    62   13   -2.832800
    62   45   1.000000
    62   50   1.000000
    62   61   1.000000
    62   65   1.000000
    62   66   1.000000
    62   71   -1.000000
    62   73   -1.000000
    62   81   -1.000000
    62   83   1.000000
    62   84   1.000000
    63   38   -1.000000
    63   84   -1.000000
    64   16   1.000000
    64   44   1.000000
    64   67   -1.000000
    64   89   -1.000000
    65   16   -1.000000
    65   44   -1.000000
    65   67   1.000000
    65   89   1.000000
    66   13   -0.897700
    66   86   -1.000000
    66   93   -1.000000
    67   57   1.000000
    67   85   -1.000000
    67   86   1.000000
    68   91   -1.000000
    68   93   1.000000
    69   44   1.000000
    69   60   1.000000
    69   87   1.000000
    69   88   -1.000000
    69   89   -1.000000
    69   90   -1.000000
    70   39   -1.000000
    70   87   -1.000000
    70   88   1.000000
    71   8   1.000000
    71   90   1.000000
    72   85   1.000000
    72   93   -1.000000
    72   94   -1.000000
//
BOUNDS  -1000  1000
    1   -1000.000000   1000.000000
    2   -1000.000000   1000.000000
    3   -1000.000000   1000.000000
    4   -1000.000000   1000.000000
    5   -1000.000000   1000.000000
    6   -1000.000000   1000.000000
    7   -1000.000000   1000.000000
    8   0.000000   1000.000000
    9   -1000.000000   1000.000000
    10   -1000.000000   1000.000000
    11   8.390000   1000.000000
    12   -1000.000000   1000.000000
    13   0.000000   1000.000000
    14   -1000.000000   1000.000000
    15   0.000000   1000.000000
    16   0.000000   1000.000000
    17   -1000.000000   1000.000000
    18   -1000.000000   1000.000000
    19   -1000.000000   1000.000000
    20   -1000.000000   1000.000000
    21   -1000.000000   1000.000000
    22   -1000.000000   1000.000000
    23   -1000.000000   1000.000000
    24   -1000.000000   1000.000000
    25   -1000.000000   1000.000000
    26   -1000.000000   1000.000000
    27   -1000.000000   1000.000000
    28   -1000.000000   1000.000000
    29   -1000.000000   1000.000000
    30   -1000.000000   1000.000000
    31   -1000.000000   1000.000000
    32   -1000.000000   1000.000000
    33   -1000.000000   1000.000000
    34   -1000.000000   1000.000000
    35   -1000.000000   1000.000000
    36   -1000.000000   1000.000000
    37   -1000.000000   1000.000000
    38   -1000.000000   1000.000000
    39   -1000.000000   1000.000000
    40   -1000.000000   1000.000000
    41   0.000000   1000.000000
    42   0.000000   1000.000000
    43   -1000.000000   0.000000
    44   0.000000   1000.000000
    45   0.000000   1000.000000
    46   -1000.000000   1000.000000
    47   0.000000   1000.000000
    48   -1000.000000   1000.000000
    49   -1000.000000   1000.000000
    50   0.000000   1000.000000
    51   0.000000   1000.000000
    52   0.000000   1000.000000
    53   -1000.000000   1000.000000
    54   0.000000   1000.000000
    55   0.000000   1000.000000
    56   -1000.000000   1000.000000
    57   0.000000   1000.000000
    58   -1000.000000   1000.000000
    59   -1000.000000   1000.000000
    60   0.000000   1000.000000
    61   -1000.000000   1000.000000
    62   0.000000   1000.000000
    63   0.000000   1000.000000
    64   -1000.000000   1000.000000
    65   0.000000   1000.000000
    66   0.000000   1000.000000
    67   0.000000   1000.000000
    68   0.000000   1000.000000
    69   -1000.000000   1000.000000
    70   -1000.000000   1000.000000
    71   0.000000   1000.000000
    72   0.000000   1000.000000
    73   0.000000   1000.000000
    74   -1000.000000   1000.000000
    75   -1000.000000   1000.000000
    76   0.000000   1000.000000
    77   -1000.000000   1000.000000
    78   -1000.000000   1000.000000
    79   0.000000   1000.000000
    80   0.000000   1000.000000
    81   0.000000   1000.000000
    82   -1000.000000   1000.000000
    83   0.000000   1000.000000
    84   -1000.000000   1000.000000
    85   -1000.000000   1000.000000
    86   -1000.000000   1000.000000
    87   0.000000   1000.000000
    88   0.000000   1000.000000
    89   0.000000   1000.000000
    90   -1000.000000   1000.000000
    91   -1000.000000   1000.000000
    92   0.000000   1000.000000
    93   -1000.000000   1000.000000
    94   -1000.000000   1000.000000
    95   -1000.000000   1000.000000
//
OBJECTIVE
    13
//
METABOLITE_NAMES
    13dpg[c]
    2pg[c]
    3pg[c]
    6pgc[c]
    6pgl[c]
    ac[c]
    ac[e]
    acald[c]
    acald[e]
    accoa[c]
    acon_C[c]
    actp[c]
    adp[c]
    akg[c]
    akg[e]
    amp[c]
    atp[c]
    cit[c]
    co2[c]
    co2[e]
    coa[c]
    dhap[c]
    e4p[c]
    etoh[c]
    etoh[e]
    f6p[c]
    fdp[c]
    for[c]
    for[e]
    fru[e]
    fum[c]
    fum[e]
    g3p[c]
    g6p[c]
    glc__D[e]
    gln__L[c]
    gln__L[e]
    glu__L[c]
    glu__L[e]
    glx[c]
    h2o[c]
    h2o[e]
    h[c]
    h[e]
    icit[c]
    lac__D[c]
    lac__D[e]
    mal__L[c]
    mal__L[e]
    nad[c]
    nadh[c]
    nadp[c]
    nadph[c]
    nh4[c]
    nh4[e]
    o2[c]
    o2[e]
    oaa[c]
    pep[c]
    pi[c]
    pi[e]
    pyr[c]
    pyr[e]
    q8[c]
    q8h2[c]
    r5p[c]
    ru5p__D[c]
    s7p[c]
    succ[c]
    succ[e]
    succoa[c]
    xu5p__D[c]
//
REACTION_NAMES
    ACALD
    ACALDt
    ACKr
    ACONTa
    ACONTb
    ACt2r
    ADK1
    AKGDH
    AKGt2r
    ALCD2x
    ATPM
    ATPS4r
    BIOMASS_Ecoli_core_w_GAM
    CO2t
    CS
    CYTBD
    D_LACt2
    ENO
    ETOHt2r
    EX_ac_e
    EX_acald_e
    EX_akg_e
    EX_co2_e
    EX_etoh_e
    EX_for_e
    EX_fru_e
    EX_fum_e
    EX_glc__D_e
    EX_gln__L_e
    EX_glu__L_e
    EX_h_e
    EX_h2o_e
    EX_lac__D_e
    EX_mal__L_e
    EX_nh4_e
    EX_o2_e
    EX_pi_e
    EX_pyr_e
    EX_succ_e
    FBA
    FBP
    FORt2
    FORt
    FRD7
    FRUpts2
    FUM
    FUMt2_2
    G6PDH2r
    GAPD
    GLCpts
    GLNS
    GLNabc
    GLUDy
    GLUN
    GLUSy
    GLUt2r
    GND
    H2Ot
    ICDHyr
    ICL
    LDH_D
    MALS
    MALt2_2
    MDH
    ME1
    ME2
    NADH16
    NADTRHD
    NH4t
    O2t
    PDH
    PFK
    PFL
    PGI
    PGK
    PGL
    PGM
    PIt2r
    PPC
    PPCK
    PPS
    PTAr
    PYK
    PYRt2
    RPE
    RPI
    SUCCt2_2
    SUCCt3
    SUCDi
    SUCOAS
    TALA
    THD2
    TKT1
    TKT2
    TPI
//
EXCHANGE_REACTIONS
 20 21 22 23 24 25 26 27 28 29 30 31 32 33 34 35 36 37 38 39
//
OBJECTIVE_STYLE
	MAX_OBJECTIVE_MIN_TOTAL
//
convNonlinDiffZero  0.0
//
convNonlinDiffN  6e-6
//
convNonlinDiffExponent 1.0
//
convNonlinDiffHillN 1.0
//
convNonlinDiffHillK 0.0
//
noiseVariance 0.0
//
neutralDrift false
//
neutralDriftSigma 0.001
//


