0 0 0 UiJO1366_nonTrimmed 1E-7
1 0 0 UiJO1366_nonTrimmed 1.0118252819E-7
1 0 1 UiJO1366_nonTrimmed 2.6852038643E-10
1 1 0 UiJO1366_nonTrimmed 2.6852038643E-10
1 1 1 UiJO1366_nonTrimmed 7.2500329921E-13
2 0 0 UiJO1366_nonTrimmed 1.0239072071E-7
2 0 1 UiJO1366_nonTrimmed 5.4344966889E-10
2 1 0 UiJO1366_nonTrimmed 5.4344966889E-10
2 1 1 UiJO1366_nonTrimmed 2.9095082426E-12
3 0 0 UiJO1366_nonTrimmed 1.0361479891E-7
3 0 1 UiJO1366_nonTrimmed 8.2491031276E-10
3 1 0 UiJO1366_nonTrimmed 8.2491031276E-10
3 1 1 UiJO1366_nonTrimmed 6.6054569295E-12
4 0 0 UiJO1366_nonTrimmed 1.0484486808E-7
4 0 0 4ea5b426-ef53-446f-af77-22a88b80a9ab 1.0173022436E-11
4 0 1 UiJO1366_nonTrimmed 1.1130001239E-9
4 0 1 4ea5b426-ef53-446f-af77-22a88b80a9ab 0E0
4 1 0 UiJO1366_nonTrimmed 1.1130001239E-9
4 1 0 4ea5b426-ef53-446f-af77-22a88b80a9ab 0E0
4 1 1 UiJO1366_nonTrimmed 1.1865997779E-11
4 1 1 4ea5b426-ef53-446f-af77-22a88b80a9ab 0E0
5 0 0 UiJO1366_nonTrimmed 1.0609115453E-7
5 0 0 4ea5b426-ef53-446f-af77-22a88b80a9ab 1.0349038505E-11
5 0 0 ff6d02b5-611b-4132-a4ad-5a3c49ce4286 1.0173022394E-11
5 0 1 UiJO1366_nonTrimmed 1.4078453555E-9
5 0 1 4ea5b426-ef53-446f-af77-22a88b80a9ab 0E0
5 0 1 ff6d02b5-611b-4132-a4ad-5a3c49ce4286 0E0
5 1 0 UiJO1366_nonTrimmed 1.4078453555E-9
5 1 0 4ea5b426-ef53-446f-af77-22a88b80a9ab 0E0
5 1 0 ff6d02b5-611b-4132-a4ad-5a3c49ce4286 0E0
5 1 1 UiJO1366_nonTrimmed 1.8745511644E-11
5 1 1 4ea5b426-ef53-446f-af77-22a88b80a9ab 0E0
5 1 1 ff6d02b5-611b-4132-a4ad-5a3c49ce4286 0E0
6 0 0 UiJO1366_nonTrimmed 1.0736400722E-7
6 0 0 4ea5b426-ef53-446f-af77-22a88b80a9ab 1.0528100002E-11
6 0 0 ff6d02b5-611b-4132-a4ad-5a3c49ce4286 1.0349038419E-11
6 0 1 UiJO1366_nonTrimmed 1.7096013758E-9
6 0 1 4ea5b426-ef53-446f-af77-22a88b80a9ab 0E0
6 0 1 ff6d02b5-611b-4132-a4ad-5a3c49ce4286 0E0
6 1 0 UiJO1366_nonTrimmed 1.7096013758E-9
6 1 0 4ea5b426-ef53-446f-af77-22a88b80a9ab 0E0
6 1 0 ff6d02b5-611b-4132-a4ad-5a3c49ce4286 0E0
6 1 1 UiJO1366_nonTrimmed 2.7299780174E-11
6 1 1 4ea5b426-ef53-446f-af77-22a88b80a9ab 0E0
6 1 1 ff6d02b5-611b-4132-a4ad-5a3c49ce4286 0E0
7 0 0 UiJO1366_nonTrimmed 1.0865366085E-7
7 0 0 4ea5b426-ef53-446f-af77-22a88b80a9ab 1.0710259618E-11
7 0 0 ff6d02b5-611b-4132-a4ad-5a3c49ce4286 1.052809987E-11
7 0 1 UiJO1366_nonTrimmed 2.018399639E-9
7 0 1 4ea5b426-ef53-446f-af77-22a88b80a9ab 0E0
7 0 1 ff6d02b5-611b-4132-a4ad-5a3c49ce4286 0E0
7 1 0 UiJO1366_nonTrimmed 2.018399639E-9
7 1 0 4ea5b426-ef53-446f-af77-22a88b80a9ab 0E0
7 1 0 ff6d02b5-611b-4132-a4ad-5a3c49ce4286 0E0
7 1 1 UiJO1366_nonTrimmed 3.7586014773E-11
7 1 1 4ea5b426-ef53-446f-af77-22a88b80a9ab 0E0
7 1 1 ff6d02b5-611b-4132-a4ad-5a3c49ce4286 0E0
8 0 0 UiJO1366_nonTrimmed 1.0995023432E-7
8 0 0 4ea5b426-ef53-446f-af77-22a88b80a9ab 1.0895570954E-11
8 0 0 ff6d02b5-611b-4132-a4ad-5a3c49ce4286 1.0710259437E-11
8 0 0 f089c199-1f4e-41fa-aa7f-18ea7486d8ef 1.0173022263E-11
8 0 1 UiJO1366_nonTrimmed 2.3343470972E-9
8 0 1 4ea5b426-ef53-446f-af77-22a88b80a9ab 0E0
8 0 1 ff6d02b5-611b-4132-a4ad-5a3c49ce4286 0E0
8 0 1 f089c199-1f4e-41fa-aa7f-18ea7486d8ef 0E0
8 1 0 UiJO1366_nonTrimmed 2.3343470972E-9
8 1 0 4ea5b426-ef53-446f-af77-22a88b80a9ab 0E0
8 1 0 ff6d02b5-611b-4132-a4ad-5a3c49ce4286 0E0
8 1 0 f089c199-1f4e-41fa-aa7f-18ea7486d8ef 0E0
8 1 1 UiJO1366_nonTrimmed 4.9662744375E-11
8 1 1 4ea5b426-ef53-446f-af77-22a88b80a9ab 0E0
8 1 1 ff6d02b5-611b-4132-a4ad-5a3c49ce4286 0E0
8 1 1 f089c199-1f4e-41fa-aa7f-18ea7486d8ef 0E0
9 0 0 UiJO1366_nonTrimmed 1.112740871E-7
9 0 0 4ea5b426-ef53-446f-af77-22a88b80a9ab 1.108408854E-11
9 0 0 ff6d02b5-611b-4132-a4ad-5a3c49ce4286 1.0895570722E-11
9 0 0 f089c199-1f4e-41fa-aa7f-18ea7486d8ef 1.0349038152E-11
9 0 1 UiJO1366_nonTrimmed 2.6576061648E-9
9 0 1 4ea5b426-ef53-446f-af77-22a88b80a9ab 0E0
9 0 1 ff6d02b5-611b-4132-a4ad-5a3c49ce4286 0E0
9 0 1 f089c199-1f4e-41fa-aa7f-18ea7486d8ef 0E0
9 1 0 UiJO1366_nonTrimmed 2.6576061648E-9
9 1 0 4ea5b426-ef53-446f-af77-22a88b80a9ab 0E0
9 1 0 ff6d02b5-611b-4132-a4ad-5a3c49ce4286 0E0
9 1 0 f089c199-1f4e-41fa-aa7f-18ea7486d8ef 0E0
9 1 1 UiJO1366_nonTrimmed 6.3589916244E-11
9 1 1 4ea5b426-ef53-446f-af77-22a88b80a9ab 0E0
9 1 1 ff6d02b5-611b-4132-a4ad-5a3c49ce4286 0E0
9 1 1 f089c199-1f4e-41fa-aa7f-18ea7486d8ef 0E0
10 0 0 UiJO1366_nonTrimmed 1.1261546453E-7
10 0 0 4ea5b426-ef53-446f-af77-22a88b80a9ab 1.1275867848E-11
10 0 0 ff6d02b5-611b-4132-a4ad-5a3c49ce4286 1.1084088253E-11
10 0 0 f089c199-1f4e-41fa-aa7f-18ea7486d8ef 1.0528099458E-11
10 0 1 UiJO1366_nonTrimmed 2.9883154654E-9
10 0 1 4ea5b426-ef53-446f-af77-22a88b80a9ab 0E0
10 0 1 ff6d02b5-611b-4132-a4ad-5a3c49ce4286 0E0
10 0 1 f089c199-1f4e-41fa-aa7f-18ea7486d8ef 0E0
10 1 0 UiJO1366_nonTrimmed 2.9883154654E-9
10 1 0 4ea5b426-ef53-446f-af77-22a88b80a9ab 0E0
10 1 0 ff6d02b5-611b-4132-a4ad-5a3c49ce4286 0E0
10 1 0 f089c199-1f4e-41fa-aa7f-18ea7486d8ef 0E0
10 1 1 UiJO1366_nonTrimmed 7.942899499E-11
10 1 1 4ea5b426-ef53-446f-af77-22a88b80a9ab 0E0
10 1 1 ff6d02b5-611b-4132-a4ad-5a3c49ce4286 0E0
10 1 1 f089c199-1f4e-41fa-aa7f-18ea7486d8ef 0E0
11 0 0 UiJO1366_nonTrimmed 1.1397461562E-7
11 0 0 4ea5b426-ef53-446f-af77-22a88b80a9ab 1.1470965311E-11
11 0 0 ff6d02b5-611b-4132-a4ad-5a3c49ce4286 1.1275867505E-11
11 0 0 f089c199-1f4e-41fa-aa7f-18ea7486d8ef 1.0710258873E-11
11 0 1 UiJO1366_nonTrimmed 3.3266161011E-9
11 0 1 4ea5b426-ef53-446f-af77-22a88b80a9ab 0E0
11 0 1 ff6d02b5-611b-4132-a4ad-5a3c49ce4286 0E0
11 0 1 f089c199-1f4e-41fa-aa7f-18ea7486d8ef 0E0
11 1 0 UiJO1366_nonTrimmed 3.3266161011E-9
11 1 0 4ea5b426-ef53-446f-af77-22a88b80a9ab 0E0
11 1 0 ff6d02b5-611b-4132-a4ad-5a3c49ce4286 0E0
11 1 0 f089c199-1f4e-41fa-aa7f-18ea7486d8ef 0E0
11 1 1 UiJO1366_nonTrimmed 9.7242924568E-11
11 1 1 4ea5b426-ef53-446f-af77-22a88b80a9ab 0E0
11 1 1 ff6d02b5-611b-4132-a4ad-5a3c49ce4286 0E0
11 1 1 f089c199-1f4e-41fa-aa7f-18ea7486d8ef 0E0
12 0 0 UiJO1366_nonTrimmed 1.1535179311E-7
12 0 0 4ea5b426-ef53-446f-af77-22a88b80a9ab 1.1669438337E-11
12 0 0 ff6d02b5-611b-4132-a4ad-5a3c49ce4286 1.1470964908E-11
12 0 0 f089c199-1f4e-41fa-aa7f-18ea7486d8ef 1.0895569999E-11
12 0 1 UiJO1366_nonTrimmed 3.672651695E-9
12 0 1 4ea5b426-ef53-446f-af77-22a88b80a9ab 0E0
12 0 1 ff6d02b5-611b-4132-a4ad-5a3c49ce4286 0E0
12 0 1 f089c199-1f4e-41fa-aa7f-18ea7486d8ef 0E0
12 1 0 UiJO1366_nonTrimmed 3.672651695E-9
12 1 0 4ea5b426-ef53-446f-af77-22a88b80a9ab 0E0
12 1 0 ff6d02b5-611b-4132-a4ad-5a3c49ce4286 0E0
12 1 0 f089c199-1f4e-41fa-aa7f-18ea7486d8ef 0E0
12 1 1 UiJO1366_nonTrimmed 1.1709615926E-10
12 1 1 4ea5b426-ef53-446f-af77-22a88b80a9ab 0E0
12 1 1 ff6d02b5-611b-4132-a4ad-5a3c49ce4286 0E0
12 1 1 f089c199-1f4e-41fa-aa7f-18ea7486d8ef 0E0
13 0 0 UiJO1366_nonTrimmed 1.1674725353E-7
13 0 0 4ea5b426-ef53-446f-af77-22a88b80a9ab 1.1871345329E-11
13 0 0 ff6d02b5-611b-4132-a4ad-5a3c49ce4286 1.1669437872E-11
13 0 0 f089c199-1f4e-41fa-aa7f-18ea7486d8ef 1.1084087363E-11
13 0 1 UiJO1366_nonTrimmed 4.026568436E-9
13 0 1 4ea5b426-ef53-446f-af77-22a88b80a9ab 0E0
13 0 1 ff6d02b5-611b-4132-a4ad-5a3c49ce4286 0E0
13 0 1 f089c199-1f4e-41fa-aa7f-18ea7486d8ef 0E0
13 1 0 UiJO1366_nonTrimmed 4.026568436E-9
13 1 0 4ea5b426-ef53-446f-af77-22a88b80a9ab 0E0
13 1 0 ff6d02b5-611b-4132-a4ad-5a3c49ce4286 0E0
13 1 0 f089c199-1f4e-41fa-aa7f-18ea7486d8ef 0E0
13 1 1 UiJO1366_nonTrimmed 1.3905469523E-10
13 1 1 4ea5b426-ef53-446f-af77-22a88b80a9ab 0E0
13 1 1 ff6d02b5-611b-4132-a4ad-5a3c49ce4286 0E0
13 1 1 f089c199-1f4e-41fa-aa7f-18ea7486d8ef 0E0
14 0 0 UiJO1366_nonTrimmed 1.1816125725E-7
14 0 0 4ea5b426-ef53-446f-af77-22a88b80a9ab 1.2076745698E-11
14 0 0 ff6d02b5-611b-4132-a4ad-5a3c49ce4286 1.1871344799E-11
14 0 0 f089c199-1f4e-41fa-aa7f-18ea7486d8ef 1.1275866439E-11
14 0 1 UiJO1366_nonTrimmed 4.3885151235E-9
14 0 1 4ea5b426-ef53-446f-af77-22a88b80a9ab 0E0
14 0 1 ff6d02b5-611b-4132-a4ad-5a3c49ce4286 0E0
14 0 1 f089c199-1f4e-41fa-aa7f-18ea7486d8ef 0E0
14 1 0 UiJO1366_nonTrimmed 4.3885151235E-9
14 1 0 4ea5b426-ef53-446f-af77-22a88b80a9ab 0E0
14 1 0 ff6d02b5-611b-4132-a4ad-5a3c49ce4286 0E0
14 1 0 f089c199-1f4e-41fa-aa7f-18ea7486d8ef 0E0
14 1 1 UiJO1366_nonTrimmed 1.6318610277E-10
14 1 1 4ea5b426-ef53-446f-af77-22a88b80a9ab 0E0
14 1 1 ff6d02b5-611b-4132-a4ad-5a3c49ce4286 0E0
14 1 1 f089c199-1f4e-41fa-aa7f-18ea7486d8ef 0E0
15 0 0 UiJO1366_nonTrimmed 1.1959406855E-7
15 0 0 4ea5b426-ef53-446f-af77-22a88b80a9ab 1.2285699884E-11
15 0 0 ff6d02b5-611b-4132-a4ad-5a3c49ce4286 1.2076745099E-11
15 0 0 f089c199-1f4e-41fa-aa7f-18ea7486d8ef 1.1470963658E-11
15 0 1 UiJO1366_nonTrimmed 4.7586432131E-9
15 0 1 4ea5b426-ef53-446f-af77-22a88b80a9ab 0E0
15 0 1 ff6d02b5-611b-4132-a4ad-5a3c49ce4286 0E0
15 0 1 f089c199-1f4e-41fa-aa7f-18ea7486d8ef 0E0
15 1 0 UiJO1366_nonTrimmed 4.7586432131E-9
15 1 0 4ea5b426-ef53-446f-af77-22a88b80a9ab 0E0
15 1 0 ff6d02b5-611b-4132-a4ad-5a3c49ce4286 0E0
15 1 0 f089c199-1f4e-41fa-aa7f-18ea7486d8ef 0E0
15 1 1 UiJO1366_nonTrimmed 1.8955955906E-10
15 1 1 4ea5b426-ef53-446f-af77-22a88b80a9ab 0E0
15 1 1 ff6d02b5-611b-4132-a4ad-5a3c49ce4286 0E0
15 1 1 f089c199-1f4e-41fa-aa7f-18ea7486d8ef 0E0
16 1 0 UiJO1366_nonTrimmed 1.308420923E-8
16 0 0 UiJO1366_nonTrimmed 3.4723158281E-11
16 0 1 UiJO1366_nonTrimmed 9.3752301818E-14
16 1 1 UiJO1366_nonTrimmed 3.4723158281E-11
17 1 0 UiJO1366_nonTrimmed 1.3240444118E-8
17 0 0 UiJO1366_nonTrimmed 7.0275069344E-11
17 0 1 UiJO1366_nonTrimmed 3.7623703844E-13
17 1 1 UiJO1366_nonTrimmed 7.0275069346E-11
18 1 0 UiJO1366_nonTrimmed 1.3398733279E-8
18 0 0 UiJO1366_nonTrimmed 1.0667156994E-10
18 0 1 UiJO1366_nonTrimmed 8.5417099396E-13
18 1 1 UiJO1366_nonTrimmed 1.0667156995E-10
19 1 0 UiJO1366_nonTrimmed 1.355910575E-8
19 0 0 UiJO1366_nonTrimmed 1.439287807E-10
19 0 1 UiJO1366_nonTrimmed 1.5344363255E-12
19 1 1 UiJO1366_nonTrimmed 1.4392878071E-10
20 1 0 UiJO1366_nonTrimmed 1.3721591002E-8
20 0 0 UiJO1366_nonTrimmed 1.8206311107E-10
20 0 1 UiJO1366_nonTrimmed 2.4240840631E-12
20 1 1 UiJO1366_nonTrimmed 1.8206311108E-10
21 1 0 UiJO1366_nonTrimmed 1.3886218945E-8
21 0 0 UiJO1366_nonTrimmed 2.2109126442E-10
21 0 1 UiJO1366_nonTrimmed 3.5303376784E-12
21 1 1 UiJO1366_nonTrimmed 2.2109126443E-10
22 1 0 UiJO1366_nonTrimmed 1.4053019936E-8
22 0 0 UiJO1366_nonTrimmed 2.6103024316E-10
22 0 1 UiJO1366_nonTrimmed 4.8605967227E-12
22 1 1 UiJO1366_nonTrimmed 2.6103024316E-10
23 1 0 UiJO1366_nonTrimmed 1.4222024785E-8
23 0 0 UiJO1366_nonTrimmed 3.0189735398E-10
23 0 1 UiJO1366_nonTrimmed 6.4224405367E-12
23 1 1 UiJO1366_nonTrimmed 3.0189735399E-10
