model_file	model_CSP.mod
model_world
	grid_size 100 100
	world_media
		Carbon1	100
		Carbon2 100
		Oxygen 500
		Dext 0
		Eext 0
		Fext 500
		Hext 500
	//
	static_media 1 1 0 0 0 0 0 0 0 0 0 0 0 0
	//
	
	barrier
		0 0
		1 0
		2 0
		3 0
		4 0
		5 0
		6 0
		7 0
		8 0
		9 0
		10 0
		11 0
		12 0
		13 0
		14 0
		15 0
		16 0
		17 0
		18 0
		19 0
		20 0
		21 0
		22 0
		23 0
		24 0
		25 0
		26 0
		27 0
		28 0
		29 0
		30 0
		31 0
		32 0
		33 0
		34 0
		35 0
		36 0
		37 0
		38 0
		39 0
		40 0
		41 0
		42 0
		43 0
		44 0
		45 0
		46 0
		47 0
		48 0
		49 0
		50 0
		51 0
		52 0
		53 0
		54 0
		55 0
		56 0
		57 0
		58 0
		59 0
		60 0
		61 0
		62 0
		63 0
		64 0
		65 0
		66 0
		67 0
		68 0
		69 0
		70 0
		71 0
		72 0
		73 0
		74 0
		75 0
		76 0
		77 0
		78 0
		79 0
		80 0
		81 0
		82 0
		83 0
		84 0
		85 0
		86 0
		87 0
		88 0
		89 0
		90 0
		91 0
		92 0
		93 0
		94 0
		95 0
		96 0
		97 0
		98 0
		99 0
		0 1
		1 1
		2 1
		3 1
		4 1
		5 1
		6 1
		7 1
		8 1
		9 1
		10 1
		11 1
		12 1
		13 1
		14 1
		15 1
		16 1
		17 1
		18 1
		19 1
		20 1
		21 1
		22 1
		23 1
		24 1
		25 1
		26 1
		27 1
		28 1
		29 1
		30 1
		31 1
		32 1
		33 1
		34 1
		35 1
		36 1
		37 1
		38 1
		39 1
		40 1
		41 1
		42 1
		43 1
		44 1
		55 1
		56 1
		57 1
		58 1
		59 1
		60 1
		61 1
		62 1
		63 1
		64 1
		65 1
		66 1
		67 1
		68 1
		69 1
		70 1
		71 1
		72 1
		73 1
		74 1
		75 1
		76 1
		77 1
		78 1
		79 1
		80 1
		81 1
		82 1
		83 1
		84 1
		85 1
		86 1
		87 1
		88 1
		89 1
		90 1
		91 1
		92 1
		93 1
		94 1
		95 1
		96 1
		97 1
		98 1
		99 1
		0 2
		1 2
		2 2
		3 2
		4 2
		5 2
		6 2
		7 2
		8 2
		9 2
		10 2
		11 2
		12 2
		13 2
		14 2
		15 2
		16 2
		17 2
		18 2
		19 2
		20 2
		21 2
		22 2
		23 2
		24 2
		25 2
		26 2
		27 2
		28 2
		29 2
		30 2
		31 2
		32 2
		33 2
		34 2
		35 2
		36 2
		37 2
		62 2
		63 2
		64 2
		65 2
		66 2
		67 2
		68 2
		69 2
		70 2
		71 2
		72 2
		73 2
		74 2
		75 2
		76 2
		77 2
		78 2
		79 2
		80 2
		81 2
		82 2
		83 2
		84 2
		85 2
		86 2
		87 2
		88 2
		89 2
		90 2
		91 2
		92 2
		93 2
		94 2
		95 2
		96 2
		97 2
		98 2
		99 2
		0 3
		1 3
		2 3
		3 3
		4 3
		5 3
		6 3
		7 3
		8 3
		9 3
		10 3
		11 3
		12 3
		13 3
		14 3
		15 3
		16 3
		17 3
		18 3
		19 3
		20 3
		21 3
		22 3
		23 3
		24 3
		25 3
		26 3
		27 3
		28 3
		29 3
		30 3
		31 3
		32 3
		33 3
		34 3
		65 3
		66 3
		67 3
		68 3
		69 3
		70 3
		71 3
		72 3
		73 3
		74 3
		75 3
		76 3
		77 3
		78 3
		79 3
		80 3
		81 3
		82 3
		83 3
		84 3
		85 3
		86 3
		87 3
		88 3
		89 3
		90 3
		91 3
		92 3
		93 3
		94 3
		95 3
		96 3
		97 3
		98 3
		99 3
		0 4
		1 4
		2 4
		3 4
		4 4
		5 4
		6 4
		7 4
		8 4
		9 4
		10 4
		11 4
		12 4
		13 4
		14 4
		15 4
		16 4
		17 4
		18 4
		19 4
		20 4
		21 4
		22 4
		23 4
		24 4
		25 4
		26 4
		27 4
		28 4
		29 4
		30 4
		31 4
		68 4
		69 4
		70 4
		71 4
		72 4
		73 4
		74 4
		75 4
		76 4
		77 4
		78 4
		79 4
		80 4
		81 4
		82 4
		83 4
		84 4
		85 4
		86 4
		87 4
		88 4
		89 4
		90 4
		91 4
		92 4
		93 4
		94 4
		95 4
		96 4
		97 4
		98 4
		99 4
		0 5
		1 5
		2 5
		3 5
		4 5
		5 5
		6 5
		7 5
		8 5
		9 5
		10 5
		11 5
		12 5
		13 5
		14 5
		15 5
		16 5
		17 5
		18 5
		19 5
		20 5
		21 5
		22 5
		23 5
		24 5
		25 5
		26 5
		27 5
		28 5
		29 5
		70 5
		71 5
		72 5
		73 5
		74 5
		75 5
		76 5
		77 5
		78 5
		79 5
		80 5
		81 5
		82 5
		83 5
		84 5
		85 5
		86 5
		87 5
		88 5
		89 5
		90 5
		91 5
		92 5
		93 5
		94 5
		95 5
		96 5
		97 5
		98 5
		99 5
		0 6
		1 6
		2 6
		3 6
		4 6
		5 6
		6 6
		7 6
		8 6
		9 6
		10 6
		11 6
		12 6
		13 6
		14 6
		15 6
		16 6
		17 6
		18 6
		19 6
		20 6
		21 6
		22 6
		23 6
		24 6
		25 6
		26 6
		27 6
		72 6
		73 6
		74 6
		75 6
		76 6
		77 6
		78 6
		79 6
		80 6
		81 6
		82 6
		83 6
		84 6
		85 6
		86 6
		87 6
		88 6
		89 6
		90 6
		91 6
		92 6
		93 6
		94 6
		95 6
		96 6
		97 6
		98 6
		99 6
		0 7
		1 7
		2 7
		3 7
		4 7
		5 7
		6 7
		7 7
		8 7
		9 7
		10 7
		11 7
		12 7
		13 7
		14 7
		15 7
		16 7
		17 7
		18 7
		19 7
		20 7
		21 7
		22 7
		23 7
		24 7
		25 7
		74 7
		75 7
		76 7
		77 7
		78 7
		79 7
		80 7
		81 7
		82 7
		83 7
		84 7
		85 7
		86 7
		87 7
		88 7
		89 7
		90 7
		91 7
		92 7
		93 7
		94 7
		95 7
		96 7
		97 7
		98 7
		99 7
		0 8
		1 8
		2 8
		3 8
		4 8
		5 8
		6 8
		7 8
		8 8
		9 8
		10 8
		11 8
		12 8
		13 8
		14 8
		15 8
		16 8
		17 8
		18 8
		19 8
		20 8
		21 8
		22 8
		23 8
		76 8
		77 8
		78 8
		79 8
		80 8
		81 8
		82 8
		83 8
		84 8
		85 8
		86 8
		87 8
		88 8
		89 8
		90 8
		91 8
		92 8
		93 8
		94 8
		95 8
		96 8
		97 8
		98 8
		99 8
		0 9
		1 9
		2 9
		3 9
		4 9
		5 9
		6 9
		7 9
		8 9
		9 9
		10 9
		11 9
		12 9
		13 9
		14 9
		15 9
		16 9
		17 9
		18 9
		19 9
		20 9
		21 9
		78 9
		79 9
		80 9
		81 9
		82 9
		83 9
		84 9
		85 9
		86 9
		87 9
		88 9
		89 9
		90 9
		91 9
		92 9
		93 9
		94 9
		95 9
		96 9
		97 9
		98 9
		99 9
		0 10
		1 10
		2 10
		3 10
		4 10
		5 10
		6 10
		7 10
		8 10
		9 10
		10 10
		11 10
		12 10
		13 10
		14 10
		15 10
		16 10
		17 10
		18 10
		19 10
		20 10
		79 10
		80 10
		81 10
		82 10
		83 10
		84 10
		85 10
		86 10
		87 10
		88 10
		89 10
		90 10
		91 10
		92 10
		93 10
		94 10
		95 10
		96 10
		97 10
		98 10
		99 10
		0 11
		1 11
		2 11
		3 11
		4 11
		5 11
		6 11
		7 11
		8 11
		9 11
		10 11
		11 11
		12 11
		13 11
		14 11
		15 11
		16 11
		17 11
		18 11
		19 11
		80 11
		81 11
		82 11
		83 11
		84 11
		85 11
		86 11
		87 11
		88 11
		89 11
		90 11
		91 11
		92 11
		93 11
		94 11
		95 11
		96 11
		97 11
		98 11
		99 11
		0 12
		1 12
		2 12
		3 12
		4 12
		5 12
		6 12
		7 12
		8 12
		9 12
		10 12
		11 12
		12 12
		13 12
		14 12
		15 12
		16 12
		17 12
		18 12
		81 12
		82 12
		83 12
		84 12
		85 12
		86 12
		87 12
		88 12
		89 12
		90 12
		91 12
		92 12
		93 12
		94 12
		95 12
		96 12
		97 12
		98 12
		99 12
		0 13
		1 13
		2 13
		3 13
		4 13
		5 13
		6 13
		7 13
		8 13
		9 13
		10 13
		11 13
		12 13
		13 13
		14 13
		15 13
		16 13
		83 13
		84 13
		85 13
		86 13
		87 13
		88 13
		89 13
		90 13
		91 13
		92 13
		93 13
		94 13
		95 13
		96 13
		97 13
		98 13
		99 13
		0 14
		1 14
		2 14
		3 14
		4 14
		5 14
		6 14
		7 14
		8 14
		9 14
		10 14
		11 14
		12 14
		13 14
		14 14
		15 14
		84 14
		85 14
		86 14
		87 14
		88 14
		89 14
		90 14
		91 14
		92 14
		93 14
		94 14
		95 14
		96 14
		97 14
		98 14
		99 14
		0 15
		1 15
		2 15
		3 15
		4 15
		5 15
		6 15
		7 15
		8 15
		9 15
		10 15
		11 15
		12 15
		13 15
		14 15
		85 15
		86 15
		87 15
		88 15
		89 15
		90 15
		91 15
		92 15
		93 15
		94 15
		95 15
		96 15
		97 15
		98 15
		99 15
		0 16
		1 16
		2 16
		3 16
		4 16
		5 16
		6 16
		7 16
		8 16
		9 16
		10 16
		11 16
		12 16
		13 16
		86 16
		87 16
		88 16
		89 16
		90 16
		91 16
		92 16
		93 16
		94 16
		95 16
		96 16
		97 16
		98 16
		99 16
		0 17
		1 17
		2 17
		3 17
		4 17
		5 17
		6 17
		7 17
		8 17
		9 17
		10 17
		11 17
		12 17
		87 17
		88 17
		89 17
		90 17
		91 17
		92 17
		93 17
		94 17
		95 17
		96 17
		97 17
		98 17
		99 17
		0 18
		1 18
		2 18
		3 18
		4 18
		5 18
		6 18
		7 18
		8 18
		9 18
		10 18
		11 18
		12 18
		87 18
		88 18
		89 18
		90 18
		91 18
		92 18
		93 18
		94 18
		95 18
		96 18
		97 18
		98 18
		99 18
		0 19
		1 19
		2 19
		3 19
		4 19
		5 19
		6 19
		7 19
		8 19
		9 19
		10 19
		11 19
		88 19
		89 19
		90 19
		91 19
		92 19
		93 19
		94 19
		95 19
		96 19
		97 19
		98 19
		99 19
		0 20
		1 20
		2 20
		3 20
		4 20
		5 20
		6 20
		7 20
		8 20
		9 20
		10 20
		89 20
		90 20
		91 20
		92 20
		93 20
		94 20
		95 20
		96 20
		97 20
		98 20
		99 20
		0 21
		1 21
		2 21
		3 21
		4 21
		5 21
		6 21
		7 21
		8 21
		9 21
		90 21
		91 21
		92 21
		93 21
		94 21
		95 21
		96 21
		97 21
		98 21
		99 21
		0 22
		1 22
		2 22
		3 22
		4 22
		5 22
		6 22
		7 22
		8 22
		91 22
		92 22
		93 22
		94 22
		95 22
		96 22
		97 22
		98 22
		99 22
		0 23
		1 23
		2 23
		3 23
		4 23
		5 23
		6 23
		7 23
		8 23
		91 23
		92 23
		93 23
		94 23
		95 23
		96 23
		97 23
		98 23
		99 23
		0 24
		1 24
		2 24
		3 24
		4 24
		5 24
		6 24
		7 24
		92 24
		93 24
		94 24
		95 24
		96 24
		97 24
		98 24
		99 24
		0 25
		1 25
		2 25
		3 25
		4 25
		5 25
		6 25
		7 25
		92 25
		93 25
		94 25
		95 25
		96 25
		97 25
		98 25
		99 25
		0 26
		1 26
		2 26
		3 26
		4 26
		5 26
		6 26
		93 26
		94 26
		95 26
		96 26
		97 26
		98 26
		99 26
		0 27
		1 27
		2 27
		3 27
		4 27
		5 27
		6 27
		93 27
		94 27
		95 27
		96 27
		97 27
		98 27
		99 27
		0 28
		1 28
		2 28
		3 28
		4 28
		5 28
		94 28
		95 28
		96 28
		97 28
		98 28
		99 28
		0 29
		1 29
		2 29
		3 29
		4 29
		5 29
		94 29
		95 29
		96 29
		97 29
		98 29
		99 29
		0 30
		1 30
		2 30
		3 30
		4 30
		95 30
		96 30
		97 30
		98 30
		99 30
		0 31
		1 31
		2 31
		3 31
		4 31
		95 31
		96 31
		97 31
		98 31
		99 31
		0 32
		1 32
		2 32
		3 32
		96 32
		97 32
		98 32
		99 32
		0 33
		1 33
		2 33
		3 33
		96 33
		97 33
		98 33
		99 33
		0 34
		1 34
		2 34
		3 34
		96 34
		97 34
		98 34
		99 34
		0 35
		1 35
		2 35
		97 35
		98 35
		99 35
		0 36
		1 36
		2 36
		97 36
		98 36
		99 36
		0 37
		1 37
		2 37
		97 37
		98 37
		99 37
		0 38
		1 38
		98 38
		99 38
		0 39
		1 39
		98 39
		99 39
		0 40
		1 40
		98 40
		99 40
		0 41
		1 41
		98 41
		99 41
		0 42
		1 42
		98 42
		99 42
		0 43
		1 43
		98 43
		99 43
		0 44
		1 44
		98 44
		99 44
		0 45
		99 45
		0 46
		99 46
		0 47
		99 47
		0 48
		99 48
		0 49
		99 49
		0 50
		99 50
		0 51
		99 51
		0 52
		99 52
		0 53
		99 53
		0 54
		99 54
		0 55
		1 55
		98 55
		99 55
		0 56
		1 56
		98 56
		99 56
		0 57
		1 57
		98 57
		99 57
		0 58
		1 58
		98 58
		99 58
		0 59
		1 59
		98 59
		99 59
		0 60
		1 60
		98 60
		99 60
		0 61
		1 61
		98 61
		99 61
		0 62
		1 62
		2 62
		97 62
		98 62
		99 62
		0 63
		1 63
		2 63
		97 63
		98 63
		99 63
		0 64
		1 64
		2 64
		97 64
		98 64
		99 64
		0 65
		1 65
		2 65
		3 65
		96 65
		97 65
		98 65
		99 65
		0 66
		1 66
		2 66
		3 66
		96 66
		97 66
		98 66
		99 66
		0 67
		1 67
		2 67
		3 67
		96 67
		97 67
		98 67
		99 67
		0 68
		1 68
		2 68
		3 68
		4 68
		95 68
		96 68
		97 68
		98 68
		99 68
		0 69
		1 69
		2 69
		3 69
		4 69
		95 69
		96 69
		97 69
		98 69
		99 69
		0 70
		1 70
		2 70
		3 70
		4 70
		5 70
		94 70
		95 70
		96 70
		97 70
		98 70
		99 70
		0 71
		1 71
		2 71
		3 71
		4 71
		5 71
		94 71
		95 71
		96 71
		97 71
		98 71
		99 71
		0 72
		1 72
		2 72
		3 72
		4 72
		5 72
		6 72
		93 72
		94 72
		95 72
		96 72
		97 72
		98 72
		99 72
		0 73
		1 73
		2 73
		3 73
		4 73
		5 73
		6 73
		93 73
		94 73
		95 73
		96 73
		97 73
		98 73
		99 73
		0 74
		1 74
		2 74
		3 74
		4 74
		5 74
		6 74
		7 74
		92 74
		93 74
		94 74
		95 74
		96 74
		97 74
		98 74
		99 74
		0 75
		1 75
		2 75
		3 75
		4 75
		5 75
		6 75
		7 75
		92 75
		93 75
		94 75
		95 75
		96 75
		97 75
		98 75
		99 75
		0 76
		1 76
		2 76
		3 76
		4 76
		5 76
		6 76
		7 76
		8 76
		91 76
		92 76
		93 76
		94 76
		95 76
		96 76
		97 76
		98 76
		99 76
		0 77
		1 77
		2 77
		3 77
		4 77
		5 77
		6 77
		7 77
		8 77
		91 77
		92 77
		93 77
		94 77
		95 77
		96 77
		97 77
		98 77
		99 77
		0 78
		1 78
		2 78
		3 78
		4 78
		5 78
		6 78
		7 78
		8 78
		9 78
		90 78
		91 78
		92 78
		93 78
		94 78
		95 78
		96 78
		97 78
		98 78
		99 78
		0 79
		1 79
		2 79
		3 79
		4 79
		5 79
		6 79
		7 79
		8 79
		9 79
		10 79
		89 79
		90 79
		91 79
		92 79
		93 79
		94 79
		95 79
		96 79
		97 79
		98 79
		99 79
		0 80
		1 80
		2 80
		3 80
		4 80
		5 80
		6 80
		7 80
		8 80
		9 80
		10 80
		11 80
		88 80
		89 80
		90 80
		91 80
		92 80
		93 80
		94 80
		95 80
		96 80
		97 80
		98 80
		99 80
		0 81
		1 81
		2 81
		3 81
		4 81
		5 81
		6 81
		7 81
		8 81
		9 81
		10 81
		11 81
		12 81
		87 81
		88 81
		89 81
		90 81
		91 81
		92 81
		93 81
		94 81
		95 81
		96 81
		97 81
		98 81
		99 81
		0 82
		1 82
		2 82
		3 82
		4 82
		5 82
		6 82
		7 82
		8 82
		9 82
		10 82
		11 82
		12 82
		87 82
		88 82
		89 82
		90 82
		91 82
		92 82
		93 82
		94 82
		95 82
		96 82
		97 82
		98 82
		99 82
		0 83
		1 83
		2 83
		3 83
		4 83
		5 83
		6 83
		7 83
		8 83
		9 83
		10 83
		11 83
		12 83
		13 83
		86 83
		87 83
		88 83
		89 83
		90 83
		91 83
		92 83
		93 83
		94 83
		95 83
		96 83
		97 83
		98 83
		99 83
		0 84
		1 84
		2 84
		3 84
		4 84
		5 84
		6 84
		7 84
		8 84
		9 84
		10 84
		11 84
		12 84
		13 84
		14 84
		85 84
		86 84
		87 84
		88 84
		89 84
		90 84
		91 84
		92 84
		93 84
		94 84
		95 84
		96 84
		97 84
		98 84
		99 84
		0 85
		1 85
		2 85
		3 85
		4 85
		5 85
		6 85
		7 85
		8 85
		9 85
		10 85
		11 85
		12 85
		13 85
		14 85
		15 85
		84 85
		85 85
		86 85
		87 85
		88 85
		89 85
		90 85
		91 85
		92 85
		93 85
		94 85
		95 85
		96 85
		97 85
		98 85
		99 85
		0 86
		1 86
		2 86
		3 86
		4 86
		5 86
		6 86
		7 86
		8 86
		9 86
		10 86
		11 86
		12 86
		13 86
		14 86
		15 86
		16 86
		83 86
		84 86
		85 86
		86 86
		87 86
		88 86
		89 86
		90 86
		91 86
		92 86
		93 86
		94 86
		95 86
		96 86
		97 86
		98 86
		99 86
		0 87
		1 87
		2 87
		3 87
		4 87
		5 87
		6 87
		7 87
		8 87
		9 87
		10 87
		11 87
		12 87
		13 87
		14 87
		15 87
		16 87
		17 87
		18 87
		81 87
		82 87
		83 87
		84 87
		85 87
		86 87
		87 87
		88 87
		89 87
		90 87
		91 87
		92 87
		93 87
		94 87
		95 87
		96 87
		97 87
		98 87
		99 87
		0 88
		1 88
		2 88
		3 88
		4 88
		5 88
		6 88
		7 88
		8 88
		9 88
		10 88
		11 88
		12 88
		13 88
		14 88
		15 88
		16 88
		17 88
		18 88
		19 88
		80 88
		81 88
		82 88
		83 88
		84 88
		85 88
		86 88
		87 88
		88 88
		89 88
		90 88
		91 88
		92 88
		93 88
		94 88
		95 88
		96 88
		97 88
		98 88
		99 88
		0 89
		1 89
		2 89
		3 89
		4 89
		5 89
		6 89
		7 89
		8 89
		9 89
		10 89
		11 89
		12 89
		13 89
		14 89
		15 89
		16 89
		17 89
		18 89
		19 89
		20 89
		79 89
		80 89
		81 89
		82 89
		83 89
		84 89
		85 89
		86 89
		87 89
		88 89
		89 89
		90 89
		91 89
		92 89
		93 89
		94 89
		95 89
		96 89
		97 89
		98 89
		99 89
		0 90
		1 90
		2 90
		3 90
		4 90
		5 90
		6 90
		7 90
		8 90
		9 90
		10 90
		11 90
		12 90
		13 90
		14 90
		15 90
		16 90
		17 90
		18 90
		19 90
		20 90
		21 90
		78 90
		79 90
		80 90
		81 90
		82 90
		83 90
		84 90
		85 90
		86 90
		87 90
		88 90
		89 90
		90 90
		91 90
		92 90
		93 90
		94 90
		95 90
		96 90
		97 90
		98 90
		99 90
		0 91
		1 91
		2 91
		3 91
		4 91
		5 91
		6 91
		7 91
		8 91
		9 91
		10 91
		11 91
		12 91
		13 91
		14 91
		15 91
		16 91
		17 91
		18 91
		19 91
		20 91
		21 91
		22 91
		23 91
		76 91
		77 91
		78 91
		79 91
		80 91
		81 91
		82 91
		83 91
		84 91
		85 91
		86 91
		87 91
		88 91
		89 91
		90 91
		91 91
		92 91
		93 91
		94 91
		95 91
		96 91
		97 91
		98 91
		99 91
		0 92
		1 92
		2 92
		3 92
		4 92
		5 92
		6 92
		7 92
		8 92
		9 92
		10 92
		11 92
		12 92
		13 92
		14 92
		15 92
		16 92
		17 92
		18 92
		19 92
		20 92
		21 92
		22 92
		23 92
		24 92
		25 92
		74 92
		75 92
		76 92
		77 92
		78 92
		79 92
		80 92
		81 92
		82 92
		83 92
		84 92
		85 92
		86 92
		87 92
		88 92
		89 92
		90 92
		91 92
		92 92
		93 92
		94 92
		95 92
		96 92
		97 92
		98 92
		99 92
		0 93
		1 93
		2 93
		3 93
		4 93
		5 93
		6 93
		7 93
		8 93
		9 93
		10 93
		11 93
		12 93
		13 93
		14 93
		15 93
		16 93
		17 93
		18 93
		19 93
		20 93
		21 93
		22 93
		23 93
		24 93
		25 93
		26 93
		27 93
		72 93
		73 93
		74 93
		75 93
		76 93
		77 93
		78 93
		79 93
		80 93
		81 93
		82 93
		83 93
		84 93
		85 93
		86 93
		87 93
		88 93
		89 93
		90 93
		91 93
		92 93
		93 93
		94 93
		95 93
		96 93
		97 93
		98 93
		99 93
		0 94
		1 94
		2 94
		3 94
		4 94
		5 94
		6 94
		7 94
		8 94
		9 94
		10 94
		11 94
		12 94
		13 94
		14 94
		15 94
		16 94
		17 94
		18 94
		19 94
		20 94
		21 94
		22 94
		23 94
		24 94
		25 94
		26 94
		27 94
		28 94
		29 94
		70 94
		71 94
		72 94
		73 94
		74 94
		75 94
		76 94
		77 94
		78 94
		79 94
		80 94
		81 94
		82 94
		83 94
		84 94
		85 94
		86 94
		87 94
		88 94
		89 94
		90 94
		91 94
		92 94
		93 94
		94 94
		95 94
		96 94
		97 94
		98 94
		99 94
		0 95
		1 95
		2 95
		3 95
		4 95
		5 95
		6 95
		7 95
		8 95
		9 95
		10 95
		11 95
		12 95
		13 95
		14 95
		15 95
		16 95
		17 95
		18 95
		19 95
		20 95
		21 95
		22 95
		23 95
		24 95
		25 95
		26 95
		27 95
		28 95
		29 95
		30 95
		31 95
		68 95
		69 95
		70 95
		71 95
		72 95
		73 95
		74 95
		75 95
		76 95
		77 95
		78 95
		79 95
		80 95
		81 95
		82 95
		83 95
		84 95
		85 95
		86 95
		87 95
		88 95
		89 95
		90 95
		91 95
		92 95
		93 95
		94 95
		95 95
		96 95
		97 95
		98 95
		99 95
		0 96
		1 96
		2 96
		3 96
		4 96
		5 96
		6 96
		7 96
		8 96
		9 96
		10 96
		11 96
		12 96
		13 96
		14 96
		15 96
		16 96
		17 96
		18 96
		19 96
		20 96
		21 96
		22 96
		23 96
		24 96
		25 96
		26 96
		27 96
		28 96
		29 96
		30 96
		31 96
		32 96
		33 96
		34 96
		65 96
		66 96
		67 96
		68 96
		69 96
		70 96
		71 96
		72 96
		73 96
		74 96
		75 96
		76 96
		77 96
		78 96
		79 96
		80 96
		81 96
		82 96
		83 96
		84 96
		85 96
		86 96
		87 96
		88 96
		89 96
		90 96
		91 96
		92 96
		93 96
		94 96
		95 96
		96 96
		97 96
		98 96
		99 96
		0 97
		1 97
		2 97
		3 97
		4 97
		5 97
		6 97
		7 97
		8 97
		9 97
		10 97
		11 97
		12 97
		13 97
		14 97
		15 97
		16 97
		17 97
		18 97
		19 97
		20 97
		21 97
		22 97
		23 97
		24 97
		25 97
		26 97
		27 97
		28 97
		29 97
		30 97
		31 97
		32 97
		33 97
		34 97
		35 97
		36 97
		37 97
		62 97
		63 97
		64 97
		65 97
		66 97
		67 97
		68 97
		69 97
		70 97
		71 97
		72 97
		73 97
		74 97
		75 97
		76 97
		77 97
		78 97
		79 97
		80 97
		81 97
		82 97
		83 97
		84 97
		85 97
		86 97
		87 97
		88 97
		89 97
		90 97
		91 97
		92 97
		93 97
		94 97
		95 97
		96 97
		97 97
		98 97
		99 97
		0 98
		1 98
		2 98
		3 98
		4 98
		5 98
		6 98
		7 98
		8 98
		9 98
		10 98
		11 98
		12 98
		13 98
		14 98
		15 98
		16 98
		17 98
		18 98
		19 98
		20 98
		21 98
		22 98
		23 98
		24 98
		25 98
		26 98
		27 98
		28 98
		29 98
		30 98
		31 98
		32 98
		33 98
		34 98
		35 98
		36 98
		37 98
		38 98
		39 98
		40 98
		41 98
		42 98
		43 98
		44 98
		55 98
		56 98
		57 98
		58 98
		59 98
		60 98
		61 98
		62 98
		63 98
		64 98
		65 98
		66 98
		67 98
		68 98
		69 98
		70 98
		71 98
		72 98
		73 98
		74 98
		75 98
		76 98
		77 98
		78 98
		79 98
		80 98
		81 98
		82 98
		83 98
		84 98
		85 98
		86 98
		87 98
		88 98
		89 98
		90 98
		91 98
		92 98
		93 98
		94 98
		95 98
		96 98
		97 98
		98 98
		99 98
		0 99
		1 99
		2 99
		3 99
		4 99
		5 99
		6 99
		7 99
		8 99
		9 99
		10 99
		11 99
		12 99
		13 99
		14 99
		15 99
		16 99
		17 99
		18 99
		19 99
		20 99
		21 99
		22 99
		23 99
		24 99
		25 99
		26 99
		27 99
		28 99
		29 99
		30 99
		31 99
		32 99
		33 99
		34 99
		35 99
		36 99
		37 99
		38 99
		39 99
		40 99
		41 99
		42 99
		43 99
		44 99
		45 99
		46 99
		47 99
		48 99
		49 99
		50 99
		51 99
		52 99
		53 99
		54 99
		55 99
		56 99
		57 99
		58 99
		59 99
		60 99
		61 99
		62 99
		63 99
		64 99
		65 99
		66 99
		67 99
		68 99
		69 99
		70 99
		71 99
		72 99
		73 99
		74 99
		75 99
		76 99
		77 99
		78 99
		79 99
		80 99
		81 99
		82 99
		83 99
		84 99
		85 99
		86 99
		87 99
		88 99
		89 99
		90 99
		91 99
		92 99
		93 99
		94 99
		95 99
		96 99
		97 99
		98 99
		99 99
	//	
//
	initial_pop	circles
		50 50 5 1
		0 50 6 1
		50 0 7 1
		25 75 3 1
	//
	parameters
	numrunthreads = 1
	//
//